10.0	4188.79020479	2000	10	1	4196.19288696	0.00176726019074
5.0	4188.79020479	2000	10	2	4199.97971523	0.0026712988477
3.33333333333	4188.79020479	2000	10	3	4222.27191912	0.00799317050836
2.5	4188.79020479	2000	10	4	4135.34956616	0.0127580126982
2.0	4188.79020479	2000	10	5	4184.05510419	0.00113042199973
1.66666666667	4188.79020479	2000	10	6	4348.60161168	0.0381521630537
1.42857142857	4188.79020479	2000	10	7	4287.16919804	0.0234862546084
1.25	4188.79020479	2000	10	8	2872.06842759	0.314344169276
1.11111111111	4188.79020479	2000	10	9	2017.14545257	0.518441995431
1.0	4188.79020479	2000	10	10	1470.49903493	0.648944214669
20.0	33510.3216383	2000	20	1	33569.5430957	0.00176726019074
10.0	33510.3216383	2000	20	2	33599.8377219	0.0026712988477
6.66666666667	33510.3216383	2000	20	3	33778.1753529	0.00799317050836
5.0	33510.3216383	2000	20	4	33082.7965293	0.0127580126982
4.0	33510.3216383	2000	20	5	33472.4408335	0.00113042199973
3.33333333333	33510.3216383	2000	20	6	34788.8128934	0.0381521630537
2.85714285714	33510.3216383	2000	20	7	34297.3535843	0.0234862546084
2.5	33510.3216383	2000	20	8	22976.5474207	0.314344169276
2.22222222222	33510.3216383	2000	20	9	16137.1636206	0.518441995431
2.0	33510.3216383	2000	20	10	11763.9922794	0.648944214669
30.0	113097.335529	2000	30	1	113297.207948	0.00176726019074
15.0	113097.335529	2000	30	2	113399.452311	0.0026712988477
10.0	113097.335529	2000	30	3	114001.341816	0.00799317050836
7.5	113097.335529	2000	30	4	111654.438286	0.0127580126982
6.0	113097.335529	2000	30	5	112969.487813	0.00113042199973
5.0	113097.335529	2000	30	6	117412.243515	0.0381521630537
4.28571428571	113097.335529	2000	30	7	115753.568347	0.0234862546084
3.75	113097.335529	2000	30	8	77545.847545	0.314344169276
3.33333333333	113097.335529	2000	30	9	54462.9272195	0.518441995431
3.0	113097.335529	2000	30	10	39703.473943	0.648944214669
40.0	268082.573106	2000	40	1	268556.344766	0.00176726019074
20.0	268082.573106	2000	40	2	268798.701775	0.00267129884771
13.3333333333	268082.573106	2000	40	3	270225.402823	0.00799317050836
10.0	268082.573106	2000	40	4	264662.372234	0.0127580126982
8.0	268082.573106	2000	40	5	267779.526668	0.00113042199973
6.66666666667	268082.573106	2000	40	6	278310.503147	0.0381521630537
5.71428571429	268082.573106	2000	40	7	274378.828674	0.0234862546084
5.0	268082.573106	2000	40	8	183812.379366	0.314344169276
4.44444444444	268082.573106	2000	40	9	129097.308965	0.518441995431
4.0	268082.573106	2000	40	10	94111.9382353	0.648944214669
50.0	523598.775598	2000	50	1	524524.11087	0.00176726019074
25.0	523598.775598	2000	50	2	524997.464404	0.0026712988477
16.6666666667	523598.775598	2000	50	3	527783.98989	0.00799317050836
12.5	523598.775598	2000	50	4	516918.69577	0.0127580126982
10.0	523598.775598	2000	50	5	523006.888023	0.00113042199973
8.33333333333	523598.775598	2000	50	6	543575.20146	0.0381521630537
7.14285714286	523598.775598	2000	50	7	535896.149755	0.0234862546084
6.25	523598.775598	2000	50	8	359008.553449	0.314344169276
5.55555555556	523598.775598	2000	50	9	252143.181572	0.518441995431
5.0	523598.775598	2000	50	10	183812.379366	0.648944214669
60.0	904778.684234	2000	60	1	906377.663584	0.00176726019074
30.0	904778.684234	2000	60	2	907195.61849	0.0026712988477
20.0	904778.684234	2000	60	3	912010.734529	0.00799317050836
15.0	904778.684234	2000	60	4	893235.506291	0.0127580126982
12.0	904778.684234	2000	60	5	903755.902504	0.00113042199973
10.0	904778.684234	2000	60	6	939297.948122	0.0381521630537
8.57142857143	904778.684234	2000	60	7	926028.546776	0.0234862546084
7.5	904778.684234	2000	60	8	620366.78036	0.314344169276
6.66666666667	904778.684234	2000	60	9	435703.417756	0.518441995431
6.0	904778.684234	2000	60	10	317627.791544	0.648944214669
70.0	1436755.04024	2000	70	1	1439294.16023	0.00176726019074
35.0	1436755.04024	2000	70	2	1440593.04233	0.0026712988477
23.3333333333	1436755.04024	2000	70	3	1448239.26826	0.00799317050836
17.5	1436755.04024	2000	70	4	1418424.90119	0.0127580126982
14.0	1436755.04024	2000	70	5	1435130.90074	0.00113042199973
11.6666666667	1436755.04024	2000	70	6	1491570.35281	0.0381521630537
10.0	1436755.04024	2000	70	7	1470499.03493	0.0234862546084
8.75	1436755.04024	2000	70	8	985119.470664	0.314344169276
7.77777777778	1436755.04024	2000	70	9	691880.890233	0.518441995431
7.0	1436755.04024	2000	70	10	504381.16898	0.648944214669
80.0	2144660.58485	2000	80	1	2148450.75812	0.00176726019074
40.0	2144660.58485	2000	80	2	2150389.6142	0.0026712988477
26.6666666667	2144660.58485	2000	80	3	2161803.22259	0.00799317050836
20.0	2144660.58485	2000	80	4	2117298.97788	0.0127580126982
16.0	2144660.58485	2000	80	5	2142236.21334	0.00113042199973
13.3333333333	2144660.58485	2000	80	6	2226484.02518	0.0381521630537
11.4285714286	2144660.58485	2000	80	7	2195030.6294	0.0234862546084
10.0	2144660.58485	2000	80	8	1470499.03493	0.314344169276
8.88888888889	2144660.58485	2000	80	9	1032778.47172	0.518441995431
8.0	2144660.58485	2000	80	10	752895.505883	0.648944214669
90.0	3053628.05929	2000	90	1	3059024.6146	0.00176726019074
45.0	3053628.05929	2000	90	2	3061785.21241	0.0026712988477
30.0	3053628.05929	2000	90	3	3078036.22904	0.00799317050836
22.5	3053628.05929	2000	90	4	3014669.83373	0.0127580126982
18.0	3053628.05929	2000	90	5	3050176.17095	0.00113042199973
15.0	3053628.05929	2000	90	6	3170130.57491	0.0381521630537
12.8571428571	3053628.05929	2000	90	7	3125346.34537	0.0234862546084
11.25	3053628.05929	2000	90	8	2093737.88371	0.314344169276
10.0	3053628.05929	2000	90	9	1470499.03493	0.518441995431
9.0	3053628.05929	2000	90	10	1071993.79646	0.648944214669
100.0	4188790.20479	2000	100	1	4196192.88696	0.00176726019074
50.0	4188790.20479	2000	100	2	4199979.71523	0.0026712988477
33.3333333333	4188790.20479	2000	100	3	4222271.91912	0.00799317050836
25.0	4188790.20479	2000	100	4	4135349.56616	0.0127580126982
20.0	4188790.20479	2000	100	5	4184055.10419	0.00113042199973
16.6666666667	4188790.20479	2000	100	6	4348601.61168	0.0381521630537
14.2857142857	4188790.20479	2000	100	7	4287169.19804	0.0234862546084
12.5	4188790.20479	2000	100	8	2872068.42759	0.314344169276
11.1111111111	4188790.20479	2000	100	9	2017145.45257	0.518441995431
10.0	4188790.20479	2000	100	10	1470499.03493	0.648944214669
10.0	4188.79020479	5000	10	1	4181.67870041	0.00169774661256
5.0	4188.79020479	5000	10	2	4191.89728222	0.000741760097629
3.33333333333	4188.79020479	5000	10	3	4184.4519206	0.00103568905821
2.5	4188.79020479	5000	10	4	4211.11091536	0.00532867713141
2.0	4188.79020479	5000	10	5	4134.47341686	0.0129671779366
1.66666666667	4188.79020479	5000	10	6	4008.96133473	0.0429309803697
1.42857142857	4188.79020479	5000	10	7	4173.71752491	0.00359833726169
1.25	4188.79020479	5000	10	8	4146.71070231	0.0100457412338
1.11111111111	4188.79020479	5000	10	9	2912.3674617	0.304723483555
1.0	4188.79020479	5000	10	10	2123.11587958	0.493143419512
20.0	33510.3216383	5000	20	1	33453.4296032	0.00169774661256
10.0	33510.3216383	5000	20	2	33535.1782577	0.000741760097628
6.66666666667	33510.3216383	5000	20	3	33475.6153648	0.00103568905821
5.0	33510.3216383	5000	20	4	33688.8873229	0.00532867713142
4.0	33510.3216383	5000	20	5	33075.7873349	0.0129671779366
3.33333333333	33510.3216383	5000	20	6	32071.6906779	0.0429309803697
2.85714285714	33510.3216383	5000	20	7	33389.7401993	0.00359833726169
2.5	33510.3216383	5000	20	8	33173.6856185	0.0100457412338
2.22222222222	33510.3216383	5000	20	9	23298.9396936	0.304723483555
2.0	33510.3216383	5000	20	10	16984.9270366	0.493143419512
30.0	113097.335529	5000	30	1	112905.324911	0.00169774661256
15.0	113097.335529	5000	30	2	113181.22662	0.000741760097626
10.0	113097.335529	5000	30	3	112980.201856	0.00103568905821
7.5	113097.335529	5000	30	4	113699.994715	0.00532867713141
6.0	113097.335529	5000	30	5	111630.782255	0.0129671779366
5.0	113097.335529	5000	30	6	108241.956038	0.0429309803697
4.28571428571	113097.335529	5000	30	7	112690.373173	0.00359833726169
3.75	113097.335529	5000	30	8	111961.188962	0.0100457412338
3.33333333333	113097.335529	5000	30	9	78633.921466	0.304723483555
3.0	113097.335529	5000	30	10	57324.1287487	0.493143419512
40.0	268082.573106	5000	40	1	267627.436826	0.00169774661256
20.0	268082.573106	5000	40	2	268281.426062	0.000741760097629
13.3333333333	268082.573106	5000	40	3	267804.922919	0.00103568905821
10.0	268082.573106	5000	40	4	269511.098583	0.00532867713142
8.0	268082.573106	5000	40	5	264606.298679	0.0129671779366
6.66666666667	268082.573106	5000	40	6	256573.525423	0.0429309803697
5.71428571429	268082.573106	5000	40	7	267117.921594	0.00359833726169
5.0	268082.573106	5000	40	8	265389.484948	0.0100457412338
4.44444444444	268082.573106	5000	40	9	186391.517549	0.304723483555
4.0	268082.573106	5000	40	10	135879.416293	0.493143419512
50.0	523598.775598	5000	50	1	522709.837551	0.00169774661256
25.0	523598.775598	5000	50	2	523987.160277	0.000741760097629
16.6666666667	523598.775598	5000	50	3	523056.490076	0.00103568905821
12.5	523598.775598	5000	50	4	526388.86442	0.00532867713142
10.0	523598.775598	5000	50	5	516809.177108	0.0129671779366
8.33333333333	523598.775598	5000	50	6	501120.166842	0.0429309803697
7.14285714286	523598.775598	5000	50	7	521714.690614	0.00359833726169
6.25	523598.775598	5000	50	8	518338.837788	0.0100457412338
5.55555555556	523598.775598	5000	50	9	364045.932713	0.304723483555
5.0	523598.775598	5000	50	10	265389.484948	0.493143419512
60.0	904778.684234	5000	60	1	903242.599288	0.00169774661256
30.0	904778.684234	5000	60	2	905449.812959	0.000741760097629
20.0	904778.684234	5000	60	3	903841.61485	0.00103568905822
15.0	904778.684234	5000	60	4	909599.957718	0.00532867713141
12.0	904778.684234	5000	60	5	893046.258042	0.0129671779366
10.0	904778.684234	5000	60	6	865935.648302	0.0429309803697
8.57142857143	904778.684234	5000	60	7	901522.985381	0.00359833726169
7.5	904778.684234	5000	60	8	895689.511698	0.0100457412338
6.66666666667	904778.684234	5000	60	9	629071.371728	0.304723483555
6.0	904778.684234	5000	60	10	458593.029989	0.493143419512
70.0	1436755.04024	5000	70	1	1434315.79424	0.00169774661256
35.0	1436755.04024	5000	70	2	1437820.7678	0.000741760097629
23.3333333333	1436755.04024	5000	70	3	1435267.00877	0.00103568905821
17.5	1436755.04024	5000	70	4	1444411.04397	0.00532867713141
14.0	1436755.04024	5000	70	5	1418124.38198	0.0129671779366
11.6666666667	1436755.04024	5000	70	6	1375073.73781	0.0429309803697
10.0	1436755.04024	5000	70	7	1431585.11104	0.00359833726169
8.75	1436755.04024	5000	70	8	1422321.77089	0.0100457412338
7.77777777778	1436755.04024	5000	70	9	998942.039364	0.304723483555
7.0	1436755.04024	5000	70	10	728228.746696	0.493143419512
80.0	2144660.58485	5000	80	1	2141019.49461	0.00169774661256
40.0	2144660.58485	5000	80	2	2146251.4085	0.000741760097628
26.6666666667	2144660.58485	5000	80	3	2142439.38335	0.00103568905821
20.0	2144660.58485	5000	80	4	2156088.78866	0.00532867713141
16.0	2144660.58485	5000	80	5	2116850.38943	0.0129671779366
13.3333333333	2144660.58485	5000	80	6	2052588.20338	0.0429309803697
11.4285714286	2144660.58485	5000	80	7	2136943.37275	0.00359833726169
10.0	2144660.58485	5000	80	8	2123115.87958	0.0100457412338
8.88888888889	2144660.58485	5000	80	9	1491132.14039	0.304723483555
8.0	2144660.58485	5000	80	10	1087035.33035	0.493143419512
90.0	3053628.05929	5000	90	1	3048443.7726	0.00169774661256
45.0	3053628.05929	5000	90	2	3055893.11874	0.000741760097629
30.0	3053628.05929	5000	90	3	3050465.45012	0.00103568905822
22.5	3053628.05929	5000	90	4	3069899.8573	0.00532867713141
18.0	3053628.05929	5000	90	5	3014031.12089	0.0129671779366
15.0	3053628.05929	5000	90	6	2922532.81302	0.0429309803697
12.8571428571	3053628.05929	5000	90	7	3042640.07566	0.00359833726169
11.25	3053628.05929	5000	90	8	3022952.10198	0.0100457412338
10.0	3053628.05929	5000	90	9	2123115.87958	0.304723483555
9.0	3053628.05929	5000	90	10	1547751.47621	0.493143419512
100.0	4188790.20479	5000	100	1	4181678.70041	0.00169774661256
50.0	4188790.20479	5000	100	2	4191897.28222	0.000741760097629
33.3333333333	4188790.20479	5000	100	3	4184451.9206	0.00103568905822
25.0	4188790.20479	5000	100	4	4211110.91536	0.00532867713141
20.0	4188790.20479	5000	100	5	4134473.41686	0.0129671779366
16.6666666667	4188790.20479	5000	100	6	4008961.33473	0.0429309803697
14.2857142857	4188790.20479	5000	100	7	4173717.52491	0.00359833726169
12.5	4188790.20479	5000	100	8	4146710.70231	0.0100457412338
11.1111111111	4188790.20479	5000	100	9	2912367.4617	0.304723483555
10.0	4188790.20479	5000	100	10	2123115.87958	0.493143419512
10.0	4188.79020479	8000	10	1	4187.47422173	0.000314167813747
5.0	4188.79020479	8000	10	2	4189.87304412	0.000258508847853
3.33333333333	4188.79020479	8000	10	3	4175.05484118	0.0032790765188
2.5	4188.79020479	8000	10	4	4166.53869402	0.00531215689554
2.0	4188.79020479	8000	10	5	4121.50026948	0.0160642887353
1.66666666667	4188.79020479	8000	10	6	4223.25932108	0.00822889536285
1.42857142857	4188.79020479	8000	10	7	4125.22845004	0.0151742511888
1.25	4188.79020479	8000	10	8	4926.10876231	0.176021839595
1.11111111111	4188.79020479	8000	10	9	3459.76363004	0.174042274523
1.0	4188.79020479	8000	10	10	2522.1676863	0.397876818127
20.0	33510.3216383	8000	20	1	33499.7937738	0.000314167813749
10.0	33510.3216383	8000	20	2	33518.9843529	0.000258508847852
6.66666666667	33510.3216383	8000	20	3	33400.4387295	0.0032790765188
5.0	33510.3216383	8000	20	4	33332.3095521	0.00531215689554
4.0	33510.3216383	8000	20	5	32972.0021559	0.0160642887353
3.33333333333	33510.3216383	8000	20	6	33786.0745686	0.00822889536285
2.85714285714	33510.3216383	8000	20	7	33001.8276003	0.0151742511888
2.5	33510.3216383	8000	20	8	39408.8700985	0.176021839595
2.22222222222	33510.3216383	8000	20	9	27678.1090404	0.174042274523
2.0	33510.3216383	8000	20	10	20177.3414904	0.397876818127
30.0	113097.335529	8000	30	1	113061.803987	0.000314167813745
15.0	113097.335529	8000	30	2	113126.572191	0.000258508847858
10.0	113097.335529	8000	30	3	112726.480712	0.0032790765188
7.5	113097.335529	8000	30	4	112496.544738	0.00531215689555
6.0	113097.335529	8000	30	5	111280.507276	0.0160642887353
5.0	113097.335529	8000	30	6	114028.001669	0.00822889536285
4.28571428571	113097.335529	8000	30	7	111381.168151	0.0151742511888
3.75	113097.335529	8000	30	8	133004.936582	0.176021839595
3.33333333333	113097.335529	8000	30	9	93413.6180112	0.174042274523
3.0	113097.335529	8000	30	10	68098.5275302	0.397876818127
40.0	268082.573106	8000	40	1	267998.35019	0.000314167813749
20.0	268082.573106	8000	40	2	268151.874823	0.000258508847852
13.3333333333	268082.573106	8000	40	3	267203.509836	0.0032790765188
10.0	268082.573106	8000	40	4	266658.476417	0.00531215689554
8.0	268082.573106	8000	40	5	263776.017247	0.0160642887353
6.66666666667	268082.573106	8000	40	6	270288.596549	0.00822889536285
5.71428571429	268082.573106	8000	40	7	264014.620803	0.0151742511888
5.0	268082.573106	8000	40	8	315270.960788	0.176021839595
4.44444444444	268082.573106	8000	40	9	221424.872323	0.174042274523
4.0	268082.573106	8000	40	10	161418.731923	0.397876818127
50.0	523598.775598	8000	50	1	523434.277716	0.000314167813746
25.0	523598.775598	8000	50	2	523734.130515	0.000258508847855
16.6666666667	523598.775598	8000	50	3	521881.855148	0.0032790765188
12.5	523598.775598	8000	50	4	520817.336752	0.00531215689554
10.0	523598.775598	8000	50	5	515187.533686	0.0160642887353
8.33333333333	523598.775598	8000	50	6	527907.415135	0.00822889536285
7.14285714286	523598.775598	8000	50	7	515653.556255	0.0151742511888
6.25	523598.775598	8000	50	8	615763.595289	0.176021839595
5.55555555556	523598.775598	8000	50	9	432470.453756	0.174042274523
5.0	523598.775598	8000	50	10	315270.960788	0.397876818127
60.0	904778.684234	8000	60	1	904494.431893	0.000314167813746
30.0	904778.684234	8000	60	2	905012.577529	0.000258508847854
20.0	904778.684234	8000	60	3	901811.845696	0.0032790765188
15.0	904778.684234	8000	60	4	899972.357907	0.00531215689554
12.0	904778.684234	8000	60	5	890244.058209	0.0160642887353
10.0	904778.684234	8000	60	6	912224.013353	0.00822889536285
8.57142857143	904778.684234	8000	60	7	891049.345209	0.0151742511888
7.5	904778.684234	8000	60	8	1064039.49266	0.176021839595
6.66666666667	904778.684234	8000	60	9	747308.94409	0.174042274523
6.0	904778.684234	8000	60	10	544788.220241	0.397876818127
70.0	1436755.04024	8000	70	1	1436303.65805	0.000314167813746
35.0	1436755.04024	8000	70	2	1437126.45413	0.000258508847852
23.3333333333	1436755.04024	8000	70	3	1432043.81053	0.0032790765188
17.5	1436755.04024	8000	70	4	1429122.77205	0.00531215689555
14.0	1436755.04024	8000	70	5	1413674.59243	0.0160642887353
11.6666666667	1436755.04024	8000	70	6	1448577.94713	0.00822889536285
10.0	1436755.04024	8000	70	7	1414953.35836	0.0151742511888
8.75	1436755.04024	8000	70	8	1689655.30547	0.176021839595
7.77777777778	1436755.04024	8000	70	9	1186698.92511	0.174042274523
7.0	1436755.04024	8000	70	10	865103.516402	0.397876818127
80.0	2144660.58485	8000	80	1	2143986.80152	0.000314167813747
40.0	2144660.58485	8000	80	2	2145214.99859	0.000258508847854
26.6666666667	2144660.58485	8000	80	3	2137628.07869	0.0032790765188
20.0	2144660.58485	8000	80	4	2133267.81134	0.00531215689554
16.0	2144660.58485	8000	80	5	2110208.13798	0.0160642887353
13.3333333333	2144660.58485	8000	80	6	2162308.77239	0.00822889536285
11.4285714286	2144660.58485	8000	80	7	2112116.96642	0.0151742511888
10.0	2144660.58485	8000	80	8	2522167.6863	0.176021839595
8.88888888889	2144660.58485	8000	80	9	1771398.97858	0.174042274523
8.0	2144660.58485	8000	80	10	1291349.85539	0.397876818127
90.0	3053628.05929	8000	90	1	3052668.70764	0.000314167813749
45.0	3053628.05929	8000	90	2	3054417.44916	0.000258508847854
30.0	3053628.05929	8000	90	3	3043614.97922	0.0032790765188
22.5	3053628.05929	8000	90	4	3037406.70794	0.00531215689554
18.0	3053628.05929	8000	90	5	3004573.69645	0.0160642887353
15.0	3053628.05929	8000	90	6	3078756.04507	0.00822889536285
12.8571428571	3053628.05929	8000	90	7	3007291.54008	0.0151742511888
11.25	3053628.05929	8000	90	8	3591133.28772	0.176021839595
10.0	3053628.05929	8000	90	9	2522167.6863	0.174042274523
9.0	3053628.05929	8000	90	10	1838660.24331	0.397876818127
100.0	4188790.20479	8000	100	1	4187474.22173	0.000314167813747
50.0	4188790.20479	8000	100	2	4189873.04412	0.000258508847854
33.3333333333	4188790.20479	8000	100	3	4175054.84118	0.0032790765188
25.0	4188790.20479	8000	100	4	4166538.69402	0.00531215689554
20.0	4188790.20479	8000	100	5	4121500.26948	0.0160642887353
16.6666666667	4188790.20479	8000	100	6	4223259.32108	0.00822889536285
14.2857142857	4188790.20479	8000	100	7	4125228.45004	0.0151742511888
12.5	4188790.20479	8000	100	8	4926108.76231	0.176021839595
11.1111111111	4188790.20479	8000	100	9	3459763.63004	0.174042274523
10.0	4188790.20479	8000	100	10	2522167.6863	0.397876818127
10.0	4188.79020479	10000	10	1	4191.92509532	0.000748399986365
5.0	4188.79020479	10000	10	2	4184.98705992	0.00090793395688
3.33333333333	4188.79020479	10000	10	3	4196.27390876	0.00178660271954
2.5	4188.79020479	10000	10	4	4185.43001902	0.000802185261628
2.0	4188.79020479	10000	10	5	4189.91716203	0.00026904122317
1.66666666667	4188.79020479	10000	10	6	4130.09811256	0.014011704897
1.42857142857	4188.79020479	10000	10	7	3934.00210953	0.0608261772018
1.25	4188.79020479	10000	10	8	3713.08801087	0.113565533402
1.11111111111	4188.79020479	10000	10	9	3742.0137165	0.106660029851
1.0	4188.79020479	10000	10	10	2727.92799933	0.348755161762
20.0	33510.3216383	10000	20	1	33535.4007625	0.000748399986365
10.0	33510.3216383	10000	20	2	33479.8964794	0.000907933956878
6.66666666667	33510.3216383	10000	20	3	33570.1912701	0.00178660271954
5.0	33510.3216383	10000	20	4	33483.4401522	0.000802185261627
4.0	33510.3216383	10000	20	5	33519.3372962	0.000269041223173
3.33333333333	33510.3216383	10000	20	6	33040.7849005	0.014011704897
2.85714285714	33510.3216383	10000	20	7	31472.0168762	0.0608261772018
2.5	33510.3216383	10000	20	8	29704.704087	0.113565533402
2.22222222222	33510.3216383	10000	20	9	29936.109732	0.106660029851
2.0	33510.3216383	10000	20	10	21823.4239946	0.348755161762
30.0	113097.335529	10000	30	1	113181.977574	0.00074839998636
15.0	113097.335529	10000	30	2	112994.650618	0.000907933956879
10.0	113097.335529	10000	30	3	113299.395536	0.00178660271953
7.5	113097.335529	10000	30	4	113006.610514	0.000802185261625
6.0	113097.335529	10000	30	5	113127.763375	0.000269041223173
5.0	113097.335529	10000	30	6	111512.649039	0.014011704897
4.28571428571	113097.335529	10000	30	7	106218.056957	0.0608261772018
3.75	113097.335529	10000	30	8	100253.376293	0.113565533402
3.33333333333	113097.335529	10000	30	9	101034.370346	0.106660029851
3.0	113097.335529	10000	30	10	73654.0559819	0.348755161762
40.0	268082.573106	10000	40	1	268283.2061	0.000748399986363
20.0	268082.573106	10000	40	2	267839.171835	0.00090793395688
13.3333333333	268082.573106	10000	40	3	268561.530161	0.00178660271954
10.0	268082.573106	10000	40	4	267867.521217	0.000802185261627
8.0	268082.573106	10000	40	5	268154.69837	0.00026904122317
6.66666666667	268082.573106	10000	40	6	264326.279204	0.014011704897
5.71428571429	268082.573106	10000	40	7	251776.13501	0.0608261772018
5.0	268082.573106	10000	40	8	237637.632696	0.113565533402
4.44444444444	268082.573106	10000	40	9	239488.877856	0.106660029851
4.0	268082.573106	10000	40	10	174587.391957	0.348755161762
50.0	523598.775598	10000	50	1	523990.636915	0.000748399986364
25.0	523598.775598	10000	50	2	523123.38249	0.000907933956879
16.6666666667	523598.775598	10000	50	3	524534.238595	0.00178660271954
12.5	523598.775598	10000	50	4	523178.752378	0.000802185261627
10.0	523598.775598	10000	50	5	523739.645253	0.000269041223172
8.33333333333	523598.775598	10000	50	6	516262.26407	0.014011704897
7.14285714286	523598.775598	10000	50	7	491750.263691	0.0608261772018
6.25	523598.775598	10000	50	8	464136.001359	0.113565533402
5.55555555556	523598.775598	10000	50	9	467751.714563	0.106660029851
5.0	523598.775598	10000	50	10	340990.999916	0.348755161762
60.0	904778.684234	10000	60	1	905455.820589	0.000748399986362
30.0	904778.684234	10000	60	2	903957.204943	0.000907933956879
20.0	904778.684234	10000	60	3	906395.164292	0.00178660271954
15.0	904778.684234	10000	60	4	904052.884108	0.000802185261628
12.0	904778.684234	10000	60	5	905022.106998	0.000269041223171
10.0	904778.684234	10000	60	6	892101.192313	0.014011704897
8.57142857143	904778.684234	10000	60	7	849744.455658	0.0608261772018
7.5	904778.684234	10000	60	8	802027.010348	0.113565533402
6.66666666667	904778.684234	10000	60	9	808274.962765	0.106660029851
6.0	904778.684234	10000	60	10	589232.447855	0.348755161762
70.0	1436755.04024	10000	70	1	1437830.30769	0.000748399986366
35.0	1436755.04024	10000	70	2	1435450.56155	0.000907933956879
23.3333333333	1436755.04024	10000	70	3	1439321.9507	0.00178660271953
17.5	1436755.04024	10000	70	4	1435602.49652	0.000802185261628
14.0	1436755.04024	10000	70	5	1437141.58658	0.000269041223174
11.6666666667	1436755.04024	10000	70	6	1416623.65261	0.014011704897
10.0	1436755.04024	10000	70	7	1349362.72357	0.0608261772018
8.75	1436755.04024	10000	70	8	1273589.18773	0.113565533402
7.77777777778	1436755.04024	10000	70	9	1283510.70476	0.106660029851
7.0	1436755.04024	10000	70	10	935679.30377	0.348755161762
80.0	2144660.58485	10000	80	1	2146265.6488	0.000748399986364
40.0	2144660.58485	10000	80	2	2142713.37468	0.000907933956877
26.6666666667	2144660.58485	10000	80	3	2148492.24128	0.00178660271954
20.0	2144660.58485	10000	80	4	2142940.16974	0.000802185261628
16.0	2144660.58485	10000	80	5	2145237.58696	0.000269041223172
13.3333333333	2144660.58485	10000	80	6	2114610.23363	0.014011704897
11.4285714286	2144660.58485	10000	80	7	2014209.08008	0.0608261772018
10.0	2144660.58485	10000	80	8	1901101.06157	0.113565533402
8.88888888889	2144660.58485	10000	80	9	1915911.02285	0.106660029851
8.0	2144660.58485	10000	80	10	1396699.13566	0.348755161762
90.0	3053628.05929	10000	90	1	3055913.39449	0.000748399986363
45.0	3053628.05929	10000	90	2	3050855.56668	0.000907933956879
30.0	3053628.05929	10000	90	3	3059083.67948	0.00178660271953
22.5	3053628.05929	10000	90	4	3051178.48387	0.000802185261626
18.0	3053628.05929	10000	90	5	3054449.61112	0.000269041223171
15.0	3053628.05929	10000	90	6	3010841.52406	0.014011704897
12.8571428571	3053628.05929	10000	90	7	2867887.53785	0.0608261772018
11.25	3053628.05929	10000	90	8	2706841.15992	0.113565533402
10.0	3053628.05929	10000	90	9	2727927.99933	0.106660029851
9.0	3053628.05929	10000	90	10	1988659.51151	0.348755161762
100.0	4188790.20479	10000	100	1	4191925.09532	0.000748399986365
50.0	4188790.20479	10000	100	2	4184987.05992	0.00090793395688
33.3333333333	4188790.20479	10000	100	3	4196273.90876	0.00178660271953
25.0	4188790.20479	10000	100	4	4185430.01902	0.000802185261628
20.0	4188790.20479	10000	100	5	4189917.16203	0.000269041223173
16.6666666667	4188790.20479	10000	100	6	4130098.11256	0.014011704897
14.2857142857	4188790.20479	10000	100	7	3934002.10953	0.0608261772018
12.5	4188790.20479	10000	100	8	3713088.01087	0.113565533402
11.1111111111	4188790.20479	10000	100	9	3742013.7165	0.106660029851
10.0	4188790.20479	10000	100	10	2727927.99933	0.348755161762
10.0	4188.79020479	15000	10	1	4190.30996191	0.000362815287305
5.0	4188.79020479	15000	10	2	4191.10746769	0.000553205767186
3.33333333333	4188.79020479	15000	10	3	4183.93908449	0.00115811966321
2.5	4188.79020479	15000	10	4	4176.91531377	0.00283492140637
2.0	4188.79020479	15000	10	5	4208.66776794	0.00474541864925
1.66666666667	4188.79020479	15000	10	6	4172.0773423	0.00398990201752
1.42857142857	4188.79020479	15000	10	7	4208.32439158	0.00466344358112
1.25	4188.79020479	15000	10	8	4332.57149302	0.0343252541199
1.11111111111	4188.79020479	15000	10	9	4293.33513893	0.0249582645663
1.0	4188.79020479	15000	10	10	3129.84131628	0.252805425131
20.0	33510.3216383	15000	20	1	33522.4796953	0.000362815287305
10.0	33510.3216383	15000	20	2	33528.8597415	0.000553205767186
6.66666666667	33510.3216383	15000	20	3	33471.5126759	0.00115811966321
5.0	33510.3216383	15000	20	4	33415.3225101	0.00283492140637
4.0	33510.3216383	15000	20	5	33669.3421435	0.00474541864925
3.33333333333	33510.3216383	15000	20	6	33376.6187384	0.00398990201752
2.85714285714	33510.3216383	15000	20	7	33666.5951326	0.00466344358112
2.5	33510.3216383	15000	20	8	34660.5719442	0.0343252541199
2.22222222222	33510.3216383	15000	20	9	34346.6811114	0.0249582645663
2.0	33510.3216383	15000	20	10	25038.7305302	0.252805425131
30.0	113097.335529	15000	30	1	113138.368972	0.000362815287305
15.0	113097.335529	15000	30	2	113159.901628	0.000553205767189
10.0	113097.335529	15000	30	3	112966.355281	0.00115811966321
7.5	113097.335529	15000	30	4	112776.713472	0.00283492140637
6.0	113097.335529	15000	30	5	113634.029734	0.00474541864925
5.0	113097.335529	15000	30	6	112646.088242	0.00398990201752
4.28571428571	113097.335529	15000	30	7	113624.758573	0.00466344358112
3.75	113097.335529	15000	30	8	116979.430312	0.0343252541199
3.33333333333	113097.335529	15000	30	9	115920.048751	0.0249582645663
3.0	113097.335529	15000	30	10	84505.7155396	0.252805425131
40.0	268082.573106	15000	40	1	268179.837562	0.000362815287305
20.0	268082.573106	15000	40	2	268230.877932	0.000553205767184
13.3333333333	268082.573106	15000	40	3	267772.101407	0.00115811966321
10.0	268082.573106	15000	40	4	267322.580081	0.00283492140637
8.0	268082.573106	15000	40	5	269354.737148	0.00474541864925
6.66666666667	268082.573106	15000	40	6	267012.949907	0.00398990201752
5.71428571429	268082.573106	15000	40	7	269332.761061	0.00466344358112
5.0	268082.573106	15000	40	8	277284.575553	0.0343252541199
4.44444444444	268082.573106	15000	40	9	274773.448892	0.0249582645663
4.0	268082.573106	15000	40	10	200309.844242	0.252805425131
50.0	523598.775598	15000	50	1	523788.745239	0.000362815287305
25.0	523598.775598	15000	50	2	523888.433461	0.000553205767187
16.6666666667	523598.775598	15000	50	3	522992.385561	0.00115811966321
12.5	523598.775598	15000	50	4	522114.414221	0.00283492140637
10.0	523598.775598	15000	50	5	526083.470993	0.00474541864925
8.33333333333	523598.775598	15000	50	6	521509.667787	0.00398990201752
7.14285714286	523598.775598	15000	50	7	526040.548947	0.00466344358112
6.25	523598.775598	15000	50	8	541571.436628	0.0343252541199
5.55555555556	523598.775598	15000	50	9	536666.892366	0.0249582645663
5.0	523598.775598	15000	50	10	391230.164535	0.252805425131
60.0	904778.684234	15000	60	1	905106.951772	0.000362815287305
30.0	904778.684234	15000	60	2	905279.21302	0.000553205767185
20.0	904778.684234	15000	60	3	903730.842249	0.00115811966321
15.0	904778.684234	15000	60	4	902213.707774	0.00283492140637
12.0	904778.684234	15000	60	5	909072.237875	0.00474541864926
10.0	904778.684234	15000	60	6	901168.705936	0.00398990201752
8.57142857143	904778.684234	15000	60	7	908998.068581	0.00466344358112
7.5	904778.684234	15000	60	8	935835.442492	0.0343252541199
6.66666666667	904778.684234	15000	60	9	927360.390009	0.0249582645663
6.0	904778.684234	15000	60	10	676045.724317	0.252805425131
70.0	1436755.04024	15000	70	1	1437276.31693	0.000362815287302
35.0	1436755.04024	15000	70	2	1437549.86142	0.000553205767188
23.3333333333	1436755.04024	15000	70	3	1435091.10598	0.00115811966321
17.5	1436755.04024	15000	70	4	1432681.95262	0.00283492140637
14.0	1436755.04024	15000	70	5	1443573.0444	0.00474541864926
11.6666666667	1436755.04024	15000	70	6	1431022.52841	0.00398990201752
10.0	1436755.04024	15000	70	7	1443455.26631	0.00466344358112
8.75	1436755.04024	15000	70	8	1486072.02211	0.0343252541199
7.77777777778	1436755.04024	15000	70	9	1472613.95265	0.0249582645663
7.0	1436755.04024	15000	70	10	1073535.57148	0.252805425131
80.0	2144660.58485	15000	80	1	2145438.7005	0.000362815287307
40.0	2144660.58485	15000	80	2	2145847.02345	0.000553205767187
26.6666666667	2144660.58485	15000	80	3	2142176.81126	0.00115811966321
20.0	2144660.58485	15000	80	4	2138580.64065	0.00283492140637
16.0	2144660.58485	15000	80	5	2154837.89719	0.00474541864926
13.3333333333	2144660.58485	15000	80	6	2136103.59926	0.00398990201752
11.4285714286	2144660.58485	15000	80	7	2154662.08849	0.00466344358112
10.0	2144660.58485	15000	80	8	2218276.60443	0.0343252541199
8.88888888889	2144660.58485	15000	80	9	2198187.59113	0.0249582645663
8.0	2144660.58485	15000	80	10	1602478.75394	0.252805425131
90.0	3053628.05929	15000	90	1	3054735.96223	0.000362815287304
45.0	3053628.05929	15000	90	2	3055317.34394	0.000553205767186
30.0	3053628.05929	15000	90	3	3050091.59259	0.00115811966321
22.5	3053628.05929	15000	90	4	3044971.26374	0.00283492140637
18.0	3053628.05929	15000	90	5	3068118.80283	0.00474541864926
15.0	3053628.05929	15000	90	6	3041444.38253	0.00398990201752
12.8571428571	3053628.05929	15000	90	7	3067868.48146	0.00466344358112
11.25	3053628.05929	15000	90	8	3158444.61841	0.0343252541199
10.0	3053628.05929	15000	90	9	3129841.31628	0.0249582645663
9.0	3053628.05929	15000	90	10	2281654.31957	0.252805425131
100.0	4188790.20479	15000	100	1	4190309.96191	0.000362815287305
50.0	4188790.20479	15000	100	2	4191107.46769	0.000553205767186
33.3333333333	4188790.20479	15000	100	3	4183939.08449	0.00115811966321
25.0	4188790.20479	15000	100	4	4176915.31377	0.00283492140637
20.0	4188790.20479	15000	100	5	4208667.76794	0.00474541864925
16.6666666667	4188790.20479	15000	100	6	4172077.3423	0.00398990201752
14.2857142857	4188790.20479	15000	100	7	4208324.39158	0.00466344358112
12.5	4188790.20479	15000	100	8	4332571.49302	0.0343252541199
11.1111111111	4188790.20479	15000	100	9	4293335.13893	0.0249582645663
10.0	4188790.20479	15000	100	10	3129841.31628	0.252805425131
10.0	4188.79020479	20000	10	1	4189.50256505	0.000170063486874
5.0	4188.79020479	20000	10	2	4187.84736441	0.00022508656029
3.33333333333	4188.79020479	20000	10	3	4189.96636394	0.000280787314618
2.5	4188.79020479	20000	10	4	4198.03652262	0.00220739578322
2.0	4188.79020479	20000	10	5	4162.35742621	0.00631036105419
1.66666666667	4188.79020479	20000	10	6	4193.3705437	0.00109347536951
1.42857142857	4188.79020479	20000	10	7	4068.22231913	0.0287834624712
1.25	4188.79020479	20000	10	8	4004.10182597	0.0440911026312
1.11111111111	4188.79020479	20000	10	9	4715.63815682	0.125775683736
1.0	4188.79020479	20000	10	10	3437.70021632	0.179309526556
20.0	33510.3216383	20000	20	1	33516.0205204	0.000170063486874
10.0	33510.3216383	20000	20	2	33502.7789153	0.000225086560289
6.66666666667	33510.3216383	20000	20	3	33519.7309115	0.000280787314617
5.0	33510.3216383	20000	20	4	33584.292181	0.00220739578322
4.0	33510.3216383	20000	20	5	33298.8594097	0.00631036105419
3.33333333333	33510.3216383	20000	20	6	33546.9643496	0.00109347536951
2.85714285714	33510.3216383	20000	20	7	32545.778553	0.0287834624712
2.5	33510.3216383	20000	20	8	32032.8146077	0.0440911026312
2.22222222222	33510.3216383	20000	20	9	37725.1052546	0.125775683736
2.0	33510.3216383	20000	20	10	27501.6017306	0.179309526556
30.0	113097.335529	20000	30	1	113116.569256	0.000170063486876
15.0	113097.335529	20000	30	2	113071.878839	0.000225086560284
10.0	113097.335529	20000	30	3	113129.091826	0.000280787314616
7.5	113097.335529	20000	30	4	113346.986111	0.00220739578323
6.0	113097.335529	20000	30	5	112383.650508	0.00631036105419
5.0	113097.335529	20000	30	6	113221.00468	0.00109347536951
4.28571428571	113097.335529	20000	30	7	109842.002616	0.0287834624712
3.75	113097.335529	20000	30	8	108110.749301	0.0440911026312
3.33333333333	113097.335529	20000	30	9	127322.230234	0.125775683736
3.0	113097.335529	20000	30	10	92817.9058407	0.179309526556
40.0	268082.573106	20000	40	1	268128.164163	0.000170063486872
20.0	268082.573106	20000	40	2	268022.231322	0.000225086560289
13.3333333333	268082.573106	20000	40	3	268157.847292	0.000280787314616
10.0	268082.573106	20000	40	4	268674.337448	0.00220739578322
8.0	268082.573106	20000	40	5	266390.875278	0.00631036105419
6.66666666667	268082.573106	20000	40	6	268375.714797	0.00109347536951
5.71428571429	268082.573106	20000	40	7	260366.228424	0.0287834624712
5.0	268082.573106	20000	40	8	256262.516862	0.0440911026312
4.44444444444	268082.573106	20000	40	9	301800.842036	0.125775683736
4.0	268082.573106	20000	40	10	220012.813845	0.179309526556
50.0	523598.775598	20000	50	1	523687.820632	0.000170063486876
25.0	523598.775598	20000	50	2	523480.920551	0.000225086560287
16.6666666667	523598.775598	20000	50	3	523745.795492	0.000280787314617
12.5	523598.775598	20000	50	4	524754.565328	0.00220739578323
10.0	523598.775598	20000	50	5	520294.678277	0.00631036105419
8.33333333333	523598.775598	20000	50	6	524171.317963	0.00109347536951
7.14285714286	523598.775598	20000	50	7	508527.789891	0.0287834624712
6.25	523598.775598	20000	50	8	500512.728246	0.0440911026312
5.55555555556	523598.775598	20000	50	9	589454.769602	0.125775683736
5.0	523598.775598	20000	50	10	429712.52704	0.179309526556
60.0	904778.684234	20000	60	1	904932.554052	0.000170063486876
30.0	904778.684234	20000	60	2	904575.030712	0.000225086560286
20.0	904778.684234	20000	60	3	905032.734611	0.000280787314616
15.0	904778.684234	20000	60	4	906775.888886	0.00220739578323
12.0	904778.684234	20000	60	5	899069.204062	0.00631036105419
10.0	904778.684234	20000	60	6	905768.03744	0.00109347536951
8.57142857143	904778.684234	20000	60	7	878736.020931	0.0287834624712
7.5	904778.684234	20000	60	8	864885.994409	0.0440911026312
6.66666666667	904778.684234	20000	60	9	1018577.84187	0.125775683736
6.0	904778.684234	20000	60	10	742543.246725	0.179309526556
70.0	1436755.04024	20000	70	1	1436999.37981	0.000170063486874
35.0	1436755.04024	20000	70	2	1436431.64599	0.000225086560286
23.3333333333	1436755.04024	20000	70	3	1437158.46283	0.000280787314614
17.5	1436755.04024	20000	70	4	1439926.52726	0.00220739578323
14.0	1436755.04024	20000	70	5	1427688.59719	0.0063103610542
11.6666666667	1436755.04024	20000	70	6	1438326.09649	0.00109347536951
10.0	1436755.04024	20000	70	7	1395400.25546	0.0287834624712
8.75	1436755.04024	20000	70	8	1373406.92631	0.0440911026312
7.77777777778	1436755.04024	20000	70	9	1617463.88779	0.125775683736
7.0	1436755.04024	20000	70	10	1179131.1742	0.179309526556
80.0	2144660.58485	20000	80	1	2145025.31331	0.000170063486873
40.0	2144660.58485	20000	80	2	2144177.85058	0.000225086560289
26.6666666667	2144660.58485	20000	80	3	2145262.77834	0.000280787314618
20.0	2144660.58485	20000	80	4	2149394.69958	0.00220739578322
16.0	2144660.58485	20000	80	5	2131127.00222	0.00631036105419
13.3333333333	2144660.58485	20000	80	6	2147005.71838	0.00109347536951
11.4285714286	2144660.58485	20000	80	7	2082929.82739	0.0287834624712
10.0	2144660.58485	20000	80	8	2050100.13489	0.0440911026312
8.88888888889	2144660.58485	20000	80	9	2414406.73629	0.125775683736
8.0	2144660.58485	20000	80	10	1760102.51076	0.179309526556
90.0	3053628.05929	20000	90	1	3054147.36992	0.000170063486875
45.0	3053628.05929	20000	90	2	3052940.72865	0.00022508656029
30.0	3053628.05929	20000	90	3	3054485.47931	0.000280787314618
22.5	3053628.05929	20000	90	4	3060368.62499	0.00220739578322
18.0	3053628.05929	20000	90	5	3034358.56371	0.00631036105419
15.0	3053628.05929	20000	90	6	3056967.12636	0.00109347536951
12.8571428571	3053628.05929	20000	90	7	2965734.07064	0.0287834624712
11.25	3053628.05929	20000	90	8	2918990.23113	0.0440911026312
10.0	3053628.05929	20000	90	9	3437700.21632	0.125775683736
9.0	3053628.05929	20000	90	10	2506083.4577	0.179309526556
100.0	4188790.20479	20000	100	1	4189502.56505	0.000170063486876
50.0	4188790.20479	20000	100	2	4187847.36441	0.000225086560287
33.3333333333	4188790.20479	20000	100	3	4189966.36394	0.000280787314618
25.0	4188790.20479	20000	100	4	4198036.52262	0.00220739578323
20.0	4188790.20479	20000	100	5	4162357.42621	0.00631036105419
16.6666666667	4188790.20479	20000	100	6	4193370.5437	0.00109347536951
14.2857142857	4188790.20479	20000	100	7	4068222.31913	0.0287834624712
12.5	4188790.20479	20000	100	8	4004101.82597	0.0440911026312
11.1111111111	4188790.20479	20000	100	9	4715638.15682	0.125775683736
10.0	4188790.20479	20000	100	10	3437700.21632	0.179309526556
10.0	4188.79020479	30000	10	1	4188.69528143	2.26612824397e-05
5.0	4188.79020479	30000	10	2	4188.80122482	2.63084020937e-06
3.33333333333	4188.79020479	30000	10	3	4187.86617091	0.000220596839344
2.5	4188.79020479	30000	10	4	4185.26793046	0.000840881054624
2.0	4188.79020479	30000	10	5	4190.00697358	0.000290482151347
1.66666666667	4188.79020479	30000	10	6	4214.86678376	0.00622532466414
1.42857142857	4188.79020479	30000	10	7	4115.27262433	0.0175510295013
1.25	4188.79020479	30000	10	8	4116.23176744	0.01732205095
1.11111111111	4188.79020479	30000	10	9	3894.23031669	0.0703209933417
1.0	4188.79020479	30000	10	10	3904.88366512	0.0677776937465
20.0	33510.3216383	30000	20	1	33509.5622514	2.26612824408e-05
10.0	33510.3216383	30000	20	2	33510.4097986	2.63084020872e-06
6.66666666667	33510.3216383	30000	20	3	33502.9293673	0.000220596839345
5.0	33510.3216383	30000	20	4	33482.1434437	0.000840881054625
4.0	33510.3216383	30000	20	5	33520.0557886	0.000290482151348
3.33333333333	33510.3216383	30000	20	6	33718.9342701	0.00622532466414
2.85714285714	33510.3216383	30000	20	7	32922.1809946	0.0175510295013
2.5	33510.3216383	30000	20	8	32929.8541395	0.01732205095
2.22222222222	33510.3216383	30000	20	9	31153.8425335	0.0703209933417
2.0	33510.3216383	30000	20	10	31239.0693209	0.0677776937465
30.0	113097.335529	30000	30	1	113094.772599	2.26612824392e-05
15.0	113097.335529	30000	30	2	113097.63307	2.63084020546e-06
10.0	113097.335529	30000	30	3	113072.386614	0.00022059683934
7.5	113097.335529	30000	30	4	113002.234122	0.00084088105462
6.0	113097.335529	30000	30	5	113130.188287	0.00029048215135
5.0	113097.335529	30000	30	6	113801.403162	0.00622532466415
4.28571428571	113097.335529	30000	30	7	111112.360857	0.0175510295013
3.75	113097.335529	30000	30	8	111138.257721	0.01732205095
3.33333333333	113097.335529	30000	30	9	105144.218551	0.0703209933417
3.0	113097.335529	30000	30	10	105431.858958	0.0677776937465
40.0	268082.573106	30000	40	1	268076.498011	2.26612824386e-05
20.0	268082.573106	30000	40	2	268083.278389	2.63084021024e-06
13.3333333333	268082.573106	30000	40	3	268023.434938	0.000220596839342
10.0	268082.573106	30000	40	4	267857.14755	0.000840881054624
8.0	268082.573106	30000	40	5	268160.446309	0.000290482151348
6.66666666667	268082.573106	30000	40	6	269751.474161	0.00622532466414
5.71428571429	268082.573106	30000	40	7	263377.447957	0.0175510295013
5.0	268082.573106	30000	40	8	263438.833116	0.01732205095
4.44444444444	268082.573106	30000	40	9	249230.740268	0.0703209933417
4.0	268082.573106	30000	40	10	249912.554568	0.0677776937465
50.0	523598.775598	30000	50	1	523586.910179	2.26612824376e-05
25.0	523598.775598	30000	50	2	523600.153103	2.63084020895e-06
16.6666666667	523598.775598	30000	50	3	523483.271363	0.000220596839343
12.5	523598.775598	30000	50	4	523158.491308	0.000840881054624
10.0	523598.775598	30000	50	5	523750.871697	0.000290482151348
8.33333333333	523598.775598	30000	50	6	526858.34797	0.00622532466414
7.14285714286	523598.775598	30000	50	7	514409.078041	0.0175510295013
6.25	523598.775598	30000	50	8	514528.97093	0.01732205095
5.55555555556	523598.775598	30000	50	9	486778.789586	0.0703209933417
5.0	523598.775598	30000	50	10	488110.45814	0.0677776937465
60.0	904778.684234	30000	60	1	904758.180789	2.2661282437e-05
30.0	904778.684234	30000	60	2	904781.064562	2.6308402088e-06
20.0	904778.684234	30000	60	3	904579.092916	0.000220596839344
15.0	904778.684234	30000	60	4	904017.87298	0.000840881054624
12.0	904778.684234	30000	60	5	905041.506293	0.000290482151349
10.0	904778.684234	30000	60	6	910411.225292	0.00622532466414
8.57142857143	904778.684234	30000	60	7	888898.886855	0.0175510295013
7.5	904778.684234	30000	60	8	889106.061767	0.01732205095
6.66666666667	904778.684234	30000	60	9	841153.748404	0.0703209933417
6.0	904778.684234	30000	60	10	843454.871666	0.0677776937465
70.0	1436755.04024	30000	70	1	1436722.48153	2.26612824387e-05
35.0	1436755.04024	30000	70	2	1436758.82011	2.6308402074e-06
23.3333333333	1436755.04024	30000	70	3	1436438.09662	0.000220596839346
17.5	1436755.04024	30000	70	4	1435546.90015	0.000840881054622
14.0	1436755.04024	30000	70	5	1437172.39194	0.000290482151347
11.6666666667	1436755.04024	30000	70	6	1445699.30683	0.00622532466414
10.0	1436755.04024	30000	70	7	1411538.51014	0.0175510295013
8.75	1436755.04024	30000	70	8	1411867.49623	0.01732205095
7.77777777778	1436755.04024	30000	70	9	1335720.99862	0.0703209933417
7.0	1436755.04024	30000	70	10	1339375.09714	0.0677776937465
80.0	2144660.58485	30000	80	1	2144611.98409	2.26612824403e-05
40.0	2144660.58485	30000	80	2	2144666.22711	2.63084020742e-06
26.6666666667	2144660.58485	30000	80	3	2144187.4795	0.000220596839343
20.0	2144660.58485	30000	80	4	2142857.1804	0.000840881054625
16.0	2144660.58485	30000	80	5	2145283.57047	0.000290482151348
13.3333333333	2144660.58485	30000	80	6	2158011.79329	0.00622532466414
11.4285714286	2144660.58485	30000	80	7	2107019.58366	0.0175510295013
10.0	2144660.58485	30000	80	8	2107510.66493	0.01732205095
8.88888888889	2144660.58485	30000	80	9	1993845.92214	0.0703209933417
8.0	2144660.58485	30000	80	10	1999300.43654	0.0677776937465
90.0	3053628.05929	30000	90	1	3053558.86016	2.26612824369e-05
45.0	3053628.05929	30000	90	2	3053636.0929	2.63084020878e-06
30.0	3053628.05929	30000	90	3	3052954.43859	0.000220596839343
22.5	3053628.05929	30000	90	4	3051060.32131	0.000840881054625
18.0	3053628.05929	30000	90	5	3054515.08374	0.000290482151349
15.0	3053628.05929	30000	90	6	3072637.88536	0.00622532466414
12.8571428571	3053628.05929	30000	90	7	3000033.74313	0.0175510295013
11.25	3053628.05929	30000	90	8	3000732.95846	0.01732205095
10.0	3053628.05929	30000	90	9	2838893.90086	0.0703209933417
9.0	3053628.05929	30000	90	10	2846660.19187	0.0677776937465
100.0	4188790.20479	30000	100	1	4188695.28143	2.26612824372e-05
50.0	4188790.20479	30000	100	2	4188801.22482	2.6308402094e-06
33.3333333333	4188790.20479	30000	100	3	4187866.17091	0.000220596839342
25.0	4188790.20479	30000	100	4	4185267.93046	0.000840881054624
20.0	4188790.20479	30000	100	5	4190006.97358	0.00029048215135
16.6666666667	4188790.20479	30000	100	6	4214866.78376	0.00622532466414
14.2857142857	4188790.20479	30000	100	7	4115272.62433	0.0175510295013
12.5	4188790.20479	30000	100	8	4116231.76744	0.01732205095
11.1111111111	4188790.20479	30000	100	9	3894230.31669	0.0703209933417
10.0	4188790.20479	30000	100	10	3904883.66512	0.0677776937465
10.0	4188.79020479	50000	10	1	4188.04953605	0.000176821636303
5.0	4188.79020479	50000	10	2	4189.56446636	0.000184841334506
3.33333333333	4188.79020479	50000	10	3	4191.06550047	0.000543186833714
2.5	4188.79020479	50000	10	4	4185.23000003	0.000849936277564
2.0	4188.79020479	50000	10	5	4189.99410222	0.0002874093405
1.66666666667	4188.79020479	50000	10	6	4181.0256839	0.00185364281962
1.42857142857	4188.79020479	50000	10	7	4153.76185437	0.00836240267516
1.25	4188.79020479	50000	10	8	4212.14125954	0.00557465368665
1.11111111111	4188.79020479	50000	10	9	3911.70097953	0.0661501798147
1.0	4188.79020479	50000	10	10	4551.24960225	0.0865308071644
20.0	33510.3216383	50000	20	1	33504.3962884	0.000176821636303
10.0	33510.3216383	50000	20	2	33516.5157309	0.000184841334507
6.66666666667	33510.3216383	50000	20	3	33528.5240038	0.000543186833715
5.0	33510.3216383	50000	20	4	33481.8400003	0.000849936277564
4.0	33510.3216383	50000	20	5	33519.9528177	0.000287409340502
3.33333333333	33510.3216383	50000	20	6	33448.2054712	0.00185364281962
2.85714285714	33510.3216383	50000	20	7	33230.094835	0.00836240267515
2.5	33510.3216383	50000	20	8	33697.1300764	0.00557465368665
2.22222222222	33510.3216383	50000	20	9	31293.6078363	0.0661501798147
2.0	33510.3216383	50000	20	10	36409.996818	0.0865308071644
30.0	113097.335529	50000	30	1	113077.337473	0.000176821636301
15.0	113097.335529	50000	30	2	113118.240592	0.000184841334507
10.0	113097.335529	50000	30	3	113158.768513	0.000543186833712
7.5	113097.335529	50000	30	4	113001.210001	0.000849936277568
6.0	113097.335529	50000	30	5	113129.84076	0.000287409340497
5.0	113097.335529	50000	30	6	112887.693465	0.00185364281962
4.28571428571	113097.335529	50000	30	7	112151.570068	0.00836240267515
3.75	113097.335529	50000	30	8	113727.814008	0.00557465368665
3.33333333333	113097.335529	50000	30	9	105615.926447	0.0661501798147
3.0	113097.335529	50000	30	10	122883.739261	0.0865308071644
40.0	268082.573106	50000	40	1	268035.170307	0.000176821636303
20.0	268082.573106	50000	40	2	268132.125847	0.000184841334507
13.3333333333	268082.573106	50000	40	3	268228.19203	0.000543186833716
10.0	268082.573106	50000	40	4	267854.720002	0.000849936277565
8.0	268082.573106	50000	40	5	268159.622542	0.0002874093405
6.66666666667	268082.573106	50000	40	6	267585.64377	0.00185364281962
5.71428571429	268082.573106	50000	40	7	265840.75868	0.00836240267516
5.0	268082.573106	50000	40	8	269577.040611	0.00557465368665
4.44444444444	268082.573106	50000	40	9	250348.86269	0.0661501798147
4.0	268082.573106	50000	40	10	291279.974544	0.0865308071644
50.0	523598.775598	50000	50	1	523506.192006	0.000176821636304
25.0	523598.775598	50000	50	2	523695.558295	0.000184841334504
16.6666666667	523598.775598	50000	50	3	523883.187559	0.000543186833717
12.5	523598.775598	50000	50	4	523153.750004	0.000849936277563
10.0	523598.775598	50000	50	5	523749.262777	0.000287409340502
8.33333333333	523598.775598	50000	50	6	522628.210488	0.00185364281962
7.14285714286	523598.775598	50000	50	7	519220.231797	0.00836240267515
6.25	523598.775598	50000	50	8	526517.657443	0.00557465368665
5.55555555556	523598.775598	50000	50	9	488962.622442	0.0661501798147
5.0	523598.775598	50000	50	10	568906.200281	0.0865308071644
60.0	904778.684234	50000	60	1	904618.699786	0.000176821636301
30.0	904778.684234	50000	60	2	904945.924733	0.000184841334506
20.0	904778.684234	50000	60	3	905270.148103	0.000543186833716
15.0	904778.684234	50000	60	4	904009.680007	0.000849936277566
12.0	904778.684234	50000	60	5	905038.726079	0.000287409340502
10.0	904778.684234	50000	60	6	903101.547722	0.00185364281962
8.57142857143	904778.684234	50000	60	7	897212.560544	0.00836240267515
7.5	904778.684234	50000	60	8	909822.512062	0.00557465368665
6.66666666667	904778.684234	50000	60	9	844927.411579	0.0661501798147
6.0	904778.684234	50000	60	10	983069.914086	0.0865308071644
70.0	1436755.04024	50000	70	1	1436500.99086	0.000176821636303
35.0	1436755.04024	50000	70	2	1437020.61196	0.000184841334507
23.3333333333	1436755.04024	50000	70	3	1437535.46666	0.000543186833718
17.5	1436755.04024	50000	70	4	1435533.89001	0.000849936277562
14.0	1436755.04024	50000	70	5	1437167.97706	0.000287409340501
11.6666666667	1436755.04024	50000	70	6	1434091.80958	0.00185364281962
10.0	1436755.04024	50000	70	7	1424740.31605	0.00836240267516
8.75	1436755.04024	50000	70	8	1444764.45202	0.00557465368665
7.77777777778	1436755.04024	50000	70	9	1341713.43598	0.0661501798147
7.0	1436755.04024	50000	70	10	1561078.61357	0.0865308071644
80.0	2144660.58485	50000	80	1	2144281.36246	0.000176821636305
40.0	2144660.58485	50000	80	2	2145057.00678	0.000184841334507
26.6666666667	2144660.58485	50000	80	3	2145825.53624	0.000543186833715
20.0	2144660.58485	50000	80	4	2142837.76002	0.000849936277562
16.0	2144660.58485	50000	80	5	2145276.98033	0.0002874093405
13.3333333333	2144660.58485	50000	80	6	2140685.15016	0.00185364281962
11.4285714286	2144660.58485	50000	80	7	2126726.06944	0.00836240267515
10.0	2144660.58485	50000	80	8	2156616.32489	0.00557465368665
8.88888888889	2144660.58485	50000	80	9	2002790.90152	0.0661501798147
8.0	2144660.58485	50000	80	10	2330239.79635	0.0865308071644
90.0	3053628.05929	50000	90	1	3053088.11178	0.000176821636304
45.0	3053628.05929	50000	90	2	3054192.49597	0.000184841334505
30.0	3053628.05929	50000	90	3	3055286.74985	0.000543186833716
22.5	3053628.05929	50000	90	4	3051032.67002	0.000849936277565
18.0	3053628.05929	50000	90	5	3054505.70052	0.0002874093405
15.0	3053628.05929	50000	90	6	3047967.72356	0.00185364281962
12.8571428571	3053628.05929	50000	90	7	3028092.39184	0.00836240267515
11.25	3053628.05929	50000	90	8	3070650.97821	0.00557465368665
10.0	3053628.05929	50000	90	9	2851630.01408	0.0661501798147
9.0	3053628.05929	50000	90	10	3317860.96004	0.0865308071644
100.0	4188790.20479	50000	100	1	4188049.53605	0.000176821636303
50.0	4188790.20479	50000	100	2	4189564.46636	0.000184841334504
33.3333333333	4188790.20479	50000	100	3	4191065.50047	0.000543186833716
25.0	4188790.20479	50000	100	4	4185230.00003	0.000849936277563
20.0	4188790.20479	50000	100	5	4189994.10222	0.000287409340502
16.6666666667	4188790.20479	50000	100	6	4181025.6839	0.00185364281962
14.2857142857	4188790.20479	50000	100	7	4153761.85437	0.00836240267515
12.5	4188790.20479	50000	100	8	4212141.25954	0.00557465368665
11.1111111111	4188790.20479	50000	100	9	3911700.97953	0.0661501798147
10.0	4188790.20479	50000	100	10	4551249.60225	0.0865308071644
10.0	4188.79020479	100000	10	1	4189.074646	6.79053389316e-05
5.0	4188.79020479	100000	10	2	4188.87257618	1.96647223117e-05
3.33333333333	4188.79020479	100000	10	3	4189.80405089	0.00024203792819
2.5	4188.79020479	100000	10	4	4187.7388466	0.000250993278828
2.0	4188.79020479	100000	10	5	4184.41284406	0.00104501789514
1.66666666667	4188.79020479	100000	10	6	4193.69683682	0.00117137211256
1.42857142857	4188.79020479	100000	10	7	4183.1269984	0.0013519909358
1.25	4188.79020479	100000	10	8	4144.49008673	0.0105758741534
1.11111111111	4188.79020479	100000	10	9	4061.36291148	0.0304210254226
1.0	4188.79020479	100000	10	10	4174.04656093	0.00351978569861
20.0	33510.3216383	100000	20	1	33512.597168	6.79053389321e-05
10.0	33510.3216383	100000	20	2	33510.9806095	1.96647223141e-05
6.66666666667	33510.3216383	100000	20	3	33518.4324071	0.000242037928192
5.0	33510.3216383	100000	20	4	33501.9107728	0.000250993278827
4.0	33510.3216383	100000	20	5	33475.3027525	0.00104501789514
3.33333333333	33510.3216383	100000	20	6	33549.5746945	0.00117137211256
2.85714285714	33510.3216383	100000	20	7	33465.0159872	0.0013519909358
2.5	33510.3216383	100000	20	8	33155.9206938	0.0105758741534
2.22222222222	33510.3216383	100000	20	9	32490.9032918	0.0304210254226
2.0	33510.3216383	100000	20	10	33392.3724874	0.00351978569861
30.0	113097.335529	100000	30	1	113105.015442	6.79053389322e-05
15.0	113097.335529	100000	30	2	113099.559557	1.96647223123e-05
10.0	113097.335529	100000	30	3	113124.709374	0.000242037928191
7.5	113097.335529	100000	30	4	113068.948858	0.000250993278822
6.0	113097.335529	100000	30	5	112979.14679	0.00104501789514
5.0	113097.335529	100000	30	6	113229.814594	0.00117137211256
4.28571428571	113097.335529	100000	30	7	112944.428957	0.0013519909358
3.75	113097.335529	100000	30	8	111901.232342	0.0105758741534
3.33333333333	113097.335529	100000	30	9	109656.79861	0.0304210254226
3.0	113097.335529	100000	30	10	112699.257145	0.00351978569861
40.0	268082.573106	100000	40	1	268100.777344	6.79053389299e-05
20.0	268082.573106	100000	40	2	268087.844876	1.96647223126e-05
13.3333333333	268082.573106	100000	40	3	268147.459257	0.000242037928192
10.0	268082.573106	100000	40	4	268015.286182	0.000250993278826
8.0	268082.573106	100000	40	5	267802.42202	0.00104501789514
6.66666666667	268082.573106	100000	40	6	268396.597556	0.00117137211256
5.71428571429	268082.573106	100000	40	7	267720.127897	0.0013519909358
5.0	268082.573106	100000	40	8	265247.36555	0.0105758741534
4.44444444444	268082.573106	100000	40	9	259927.226335	0.0304210254226
4.0	268082.573106	100000	40	10	267138.979899	0.00351978569861
50.0	523598.775598	100000	50	1	523634.330751	6.79053389335e-05
25.0	523598.775598	100000	50	2	523609.072023	1.96647223103e-05
16.6666666667	523598.775598	100000	50	3	523725.506361	0.000242037928189
12.5	523598.775598	100000	50	4	523467.355825	0.000250993278824
10.0	523598.775598	100000	50	5	523051.605508	0.00104501789514
8.33333333333	523598.775598	100000	50	6	524212.104602	0.00117137211256
7.14285714286	523598.775598	100000	50	7	522890.8748	0.0013519909358
6.25	523598.775598	100000	50	8	518061.260841	0.0105758741534
5.55555555556	523598.775598	100000	50	9	507670.363935	0.0304210254226
5.0	523598.775598	100000	50	10	521755.820116	0.00351978569861
60.0	904778.684234	100000	60	1	904840.123537	6.79053389355e-05
30.0	904778.684234	100000	60	2	904796.476455	1.96647223123e-05
20.0	904778.684234	100000	60	3	904997.674992	0.000242037928192
15.0	904778.684234	100000	60	4	904551.590865	0.000250993278826
12.0	904778.684234	100000	60	5	903833.174318	0.00104501789514
10.0	904778.684234	100000	60	6	905838.516753	0.00117137211256
8.57142857143	904778.684234	100000	60	7	903555.431654	0.0013519909358
7.5	904778.684234	100000	60	8	895209.858733	0.0105758741534
6.66666666667	904778.684234	100000	60	9	877254.388879	0.0304210254226
6.0	904778.684234	100000	60	10	901594.057161	0.00351978569861
70.0	1436755.04024	100000	70	1	1436852.60358	6.79053389307e-05
35.0	1436755.04024	100000	70	2	1436783.29363	1.96647223129e-05
23.3333333333	1436755.04024	100000	70	3	1437102.78946	0.000242037928198
17.5	1436755.04024	100000	70	4	1436394.42438	0.000250993278827
14.0	1436755.04024	100000	70	5	1435253.60551	0.00104501789514
11.6666666667	1436755.04024	100000	70	6	1438438.01503	0.00117137211256
10.0	1436755.04024	100000	70	7	1434812.56045	0.0013519909358
8.75	1436755.04024	100000	70	8	1421560.09975	0.0105758741534
7.77777777778	1436755.04024	100000	70	9	1393047.47864	0.0304210254226
7.0	1436755.04024	100000	70	10	1431697.9704	0.00351978569861
80.0	2144660.58485	100000	80	1	2144806.21875	6.79053389319e-05
40.0	2144660.58485	100000	80	2	2144702.75901	1.96647223136e-05
26.6666666667	2144660.58485	100000	80	3	2145179.67406	0.00024203792819
20.0	2144660.58485	100000	80	4	2144122.28946	0.000250993278827
16.0	2144660.58485	100000	80	5	2142419.37616	0.00104501789515
13.3333333333	2144660.58485	100000	80	6	2147172.78045	0.00117137211256
11.4285714286	2144660.58485	100000	80	7	2141761.02318	0.0013519909358
10.0	2144660.58485	100000	80	8	2121978.9244	0.0105758741534
8.88888888889	2144660.58485	100000	80	9	2079417.81068	0.0304210254226
8.0	2144660.58485	100000	80	10	2137111.8392	0.00351978569861
90.0	3053628.05929	100000	90	1	3053835.41694	6.79053389362e-05
45.0	3053628.05929	100000	90	2	3053688.10804	1.96647223091e-05
30.0	3053628.05929	100000	90	3	3054367.1531	0.000242037928193
22.5	3053628.05929	100000	90	4	3052861.61917	0.000250993278827
18.0	3053628.05929	100000	90	5	3050436.96332	0.00104501789514
15.0	3053628.05929	100000	90	6	3057204.99404	0.00117137211256
12.8571428571	3053628.05929	100000	90	7	3049499.58183	0.0013519909358
11.25	3053628.05929	100000	90	8	3021333.27322	0.0105758741534
10.0	3053628.05929	100000	90	9	2960733.56247	0.0304210254226
9.0	3053628.05929	100000	90	10	3042879.94292	0.00351978569861
100.0	4188790.20479	100000	100	1	4189074.646	6.79053389341e-05
50.0	4188790.20479	100000	100	2	4188872.57618	1.96647223094e-05
33.3333333333	4188790.20479	100000	100	3	4189804.05089	0.000242037928188
25.0	4188790.20479	100000	100	4	4187738.8466	0.000250993278825
20.0	4188790.20479	100000	100	5	4184412.84406	0.00104501789515
16.6666666667	4188790.20479	100000	100	6	4193696.83682	0.00117137211256
14.2857142857	4188790.20479	100000	100	7	4183126.9984	0.0013519909358
12.5	4188790.20479	100000	100	8	4144490.08673	0.0105758741534
11.1111111111	4188790.20479	100000	100	9	4061362.91148	0.0304210254226
10.0	4188790.20479	100000	100	10	4174046.56093	0.00351978569861
